90135
90838
624
93082
92827
93035
91792
1862
91106
92515
2386
91311
1026
90107
94245
91243
1240
974
92316
92307
92870
92613
93965
1708
91220
93412
92742
29
91880
92882
91584
90228
93844
386
699
2076
91708
1807
1670
91684
93936
965
93053
1012
2240
92721
91624
2143
92701
92653
94160
90904
1656
2283
90190
92328
966
90256
1556
90353
2288
547
92574
660
1769
90525
1974
90477
1291
90606
94289
93161
91185
440
2130
90257
1820
90672
90812
93394
90532
92689
92006
90278
92903
92780
90156
90613
513
91590
91720
91695
1015
494
1081
92274
124
1672
90159
1321
94001
94107
90173
91640
1970
92260
90835
91453
92696
93155
90810
90798
91501
826
94060
2062
468
757
1739
90976
93593
93278
91201
93901
92719
91147
90447
92362
92954
93505
92506
94355
94189
93393
94423
91405
94138
92672
92785
91714
90764
798
1280
91034
92127
90829
91830
120
93032
2238
91498
92448
91292
1815
90802
1474
1461
388
93917
92161
90435
92722
94149
61
1139
93127
92134
94135
93592
94048
91836
92135
90454
92259
92676
93006
90169
91456
91090
90259
93404
93504
93888
90732
1458
93209
93022
1404
1125
92480
93999
93776
91956
93650
1299
90213
91709
94119
93992
90255
93486
91856
92567
152
2514
234
94282
93469
91395
91429
1789
90215
1906
90559
90309
0
91009
93390
94206
91435
1721
384
1628
90860
91658
91661
90308
982
2267
92003
92834
560
90602
1936
90092
2127
92894
93769
91140
47
94209
1598
92385
55
93719
93679
90415
2399
92340
93116
91996
91667
94072
235
748
438
977
92807
2218
2413
94167
90360
92596
1756
983
93858
94128
94427
90790
1462
2093
93532
225
90979
2421
1459
91217
2348
93922
92818
443
1301
978
93820
1252
92590
90272
94364
1045
93994
90391
130
92680
1116
90327
25
91618
92459
92142
92560
92593
90821
1545
92374
2154
93431
92503
93890
93434
99
91847
68
90969
734
93590
93801
92407
91285
93341
94040
90949
92405
90095
92194
93818
203
260
92865
93550
1066
90273
41
91605
93105
90098
91440
93488
93192
94049
90153
2148
1686
91749
952
2206
90985
94059
2470
93052
2208
93768
92582
91924
92463
1406
94250
91803
93440
90987
94420
91262
91471
92881
90312
90301
92391
93245
1267
92639
91732
92867
1430
653
90763
93056
1819
90238
93295
1488
1085
90209
90042
403
93792
90176
92720
572
91642
1885
90147
93020
1251
91507
1573
93112
92310
93605
91364
91389
93194
2371
1351
601
92972
93669
91488
94322
2338
93543
70
94432
2051
92234
1657
92025
90467
92169
942
91542
564
2317
91454
91548
93933
2184
90875
503
90314
90742
91959
92492
90185
93482
1658
91280
529
91726
94418
92216
414
90395
903
93631
2272
92276
91450
93749
185
611
93446
93353
1422
90407
94255
93692
92579
2167
511
92159
92999
91187
1329
91645
90877
91949
93266
1384
1333
91497
93033
93996
91161
90605
94069
94148
91614
1298
1405
94078
2367
90116
92226
92039
91227
90524
92418
94179
91200
458
92285
258
92879
92154
92913
92531
1101
90887
93492
93809
92538
1095
93797
93169
1179
91973
90909
595
91829
92570
90805
972
2284
94233
93261
698
94326
92988
94112
92199
94018
92091
94430
93789
92186
690
2036
93559
93301
90509
91903
93361
92749
91266
90198
90816
91702
93448
945
94377
1185
93031
176
91740
90698
92387
92299
90646
94188
2241
92433
90139
1417
92850
91855
94401
91575
93208
94109
93103
91482
116
92375
93791
2322
93855
94314
94200
90020
90218
91210
344
91117
93831
93224
92034
93828
91909
1884
683
91033
91854
90210
1839
703
1154
90940
91148
91853
94152
1568
92841
90458
93793
92432
91186
90844
94070
90166
92589
91992
92243
91495
92059
91937
90831
91652
91815
91984
93780
1929
1476
2417
1667
90688
92318
93017
90264
92949
754
1400
92675
91349
91818
1849
90121
702
90083
1825
93173
583
90393
77
90637
94445
92298
90325
922
621
1855
94415
1867
1652
1637
91209
92372
1925
1747
725
90402
94123
1806
90470
93028
90335
91598
93897
837
63
92436
92465
93382
92837
93643
92273
94054
2176
93970
91716
90326
93619
91894
93850
91396
91873
92303
92089
92493
2070
1262
167
2344
94344
75
91864
93304
90249
760
92221
2084
92451
93286
94442
1271
831
277
90897
93502
93214
76
92930
92632
92946
589
272
2342
92469
91819
92861
91022
1613
91445
91933
90539
26
90778
1477
90770
94082
91674
2201
43
90221
90914
1940
92053
1311
93632
1155
92467
91570
91767
94168
91248
93512
90675
91236
997
91960
92605
93267
92415
2106
93932
91407
1679
91061
93079
795
1647
93199
91650
90638
94076
91492
883
94208
93534
92864
1939
92443
1289
1829
94009
1555
91371
91938
93218
92155
92056
1847
90444
508
90126
93903
92634
1678
94228
93598
1551
1891
91141
1006
370
23
93513
1210
1697
1494
91043
90422
94163
92420
92661
91190
91641
92518
90114
94261
90152
90575
91279
93667
677
90196
93315
90471
622
92923
368
90334
91091
1588
93961
93154
90453
90364
1055
90009
846
779
844
90310
612
1734
91962
817
93546
92591
90965
1955
1383
92030
92549
871
93090
91623
92875
592
90717
93745
92941
91133
93871
775
91340
92080
90105
90889
418
91935
91365
92816
94129
91699
91600
91263
93542
90906
2028
94238
65
91508
91737
2523
94166
639
92229
395
90785
91653
578
655
1840
93680
93921
94362
1223
92619
92521
134
92238
2471
377
91985
707
1758
90424
92710
1852
93186
146
93668
2211
93587
94101
92252
90863
36
91889
93121
1673
1425
90673
90243
90295
91351
90963
92475
94214
90701
90361
367
247
92429
92107
91346
93521
91724
92904
92464
93940
94307
91107
93037
93400
91252
91887
92964
90528
93498
1261
93483
902
90040
92201
93311
94202
91069
394
91460
913
90710
90059
93494
91551
1034
94174
92315
90108
94143
92580
94276
92012
1642
94017
92113
91945
2166
90549
92737
782
744
90300
1785
92040
93351
92160
1989
91637
93713
90113
90768
93015
1056
94073
91759
93941
1523
90550
2118
1183
93682
1392
92620
541
2081
90917
91741
90516
832
91657
91592
91688
93661
447
2328
94374
4
91030
91079
92777
92020
92889
1745
91535
93847
92655
94063
91536
92479
92376
90323
93928
92088
91765
94223
91326
92326
92957
91233
461
90962
90441
90031
91947
92744
93870
94258
2509
94389
92256
93244
701
107
94306
1064
678
92640
92980
90953
94162
91417
92206
92932
93157
91867
93949
1699
90527
93912
90170
92806
873
93937
2290
355
90772
2306
90660
787
94121
91219
91953
91169
2406
90429
91763
91692
1234
853
2061
93872
1161
90719
2156
464
94266
90129
91378
93368
2472
92427
93061
45
90063
94025
92401
1813
92117
93072
92373
92245
94354
91752
91467
90845
598
94037
91081
92504
90796
92694
94118
92324
94428
573
93077
94446
2364
90203
92597
90596
1833
93720
91255
1403
1439
1065
91521
90910
91229
92669
1288
94412
93733
2329
90850
90145
743
92595
93137
90460
92329
90014
273
92171
2087
2281
830
2354
91965
91896
92565
682
91051
90567
159
91444
91796
92124
93597
92951
94313
90922
1959
93957
91332
90082
91878
93091
90394
90565
2327
93851
90208
2268
1881
93731
81
721
92928
93647
1492
94212
1966
5
91981
93445
93715
1750
93135
94219
1853
90284
91770
92145
271
94444
856
693
986
92996
93010
91756
93574
91988
2237
115
1358
94153
428
93834
91877
91303
93678
94372
718
92857
92305
1625
200
92939
1579
90401
93746
93724
92261
94317
92085
92942
93835
91301
236
93790
90769
282
94334
93755
713
1784
90451
92783
90974
93238
94375
91385
730
91768
2404
94205
93892
94210
93497
94032
94328
92926
93868
90537
2476
93866
390
2064
92637
91318
90991
92524
92043
92950
1331
1904
805
91694
732
90521
90827
522
91073
94019
93747
90079
94316
93511
92005
91320
94391
90494
94203
93904
93681
585
93537
91790
92158
90293
91644
91121
91409
91118
92084
90366
2215
93254
92877
93381
1908
667
93929
1000
91505
91363
92381
93973
726
92279
92621
93426
92136
91224
91772
93589
1087
93327
93923
2043
94277
1162
93298
90038
90486
92917
91613
2498
92542
90164
490
1028
94106
91872
94021
91558
90745
93051
416
93259
90483
92769
92984
91149
91018
1889
1689
93709
90599
92659
62
1988
296
91585
93812
1744
1413
90726
91392
2438
94230
94094
924
90336
1518
92210
91277
90934
90133
90795
286
2257
91153
93899
92686
91804
92856
92123
1570
90859
91085
90592
89
91553
93535
92116
93783
498
364
92175
1934
91237
90824
93236
90552
90474
93609
93187
92330
858
93774
93405
91576
92656
91766
91502
92650
92934
91823
93309
92462
92174
91273
2207
92767
91328
92382
92840
90616
90233
2104
1153
94297
227
90226
93474
92700
90862
90573
92703
2412
90017
94411
92914
92736
94041
2504
93129
90502
90757
93378
93113
92266
991
92945
90077
91003
1508
91581
91696
93217
1148
93212
94270
93507
90556
90252
1871
93729
2379
90722
1614
92431
1888
1644
92263
928
94309
1308
92351
92114
92070
1968
91691
93338
90263
807
94248
2326
1922
92779
93083
91052
2175
93143
2374
92835
91769
91649
93357
544
93364
91125
2477
92488
92163
91979
2137
92430
94366
93024
666
92918
93107
94416
93743
91182
90258
1865
1530
90195
90371
204
94207
90426
93172
93659
92133
860
2307
93824
91031
94262
91639
444
90345
94111
94256
90771
93391
2264
93210
91559
1843
91512
93034
92892
94150
93762
93898
92759
94043
90291
92282
93985
2250
92037
94003
90041
93854
91516
92757
1053
93174
1837
93964
190
2309
1660
1958
92812
92417
442
90160
1374
93845
94360
90341
93181
91410
94022
91671
94358
1182
90265
92670
91939
93562
91824
93748
1123
93771
92606
947
94113
90854
90952
91968
90503
91264
92423
1337
91414
93944
93677
90966
91723
90061
1800
93717
91214
539
1076
193
93215
269
2185
90277
91021
91476
1683
92995
908
94154
90803
2221
93114
643
2274
94086
92314
92179
1361
94171
93571
1500
93712
90232
94336
502
90493
93168
2132
92966
92444
91421
91204
90172
90916
230
337
94327
92766
91035
92371
91297
91557
94269
91156
1042
92566
93987
92483
330
92641
90774
94284
1343
126
93085
93740
90703
90036
93223
92137
91094
1893
90982
1269
91257
1926
94033
90089
93205
91798
92045
1688
93484
92550
93671
93515
15
92868
92098
90657
90630
92036
91452
93247
92389
94047
1420
741
93478
90224
91514
1323
92644
90002
72
91386
90980
90543
90211
93319
92090
90076
93146
91124
92011
91630
533
94225
2058
93273
212
1058
92106
2045
92751
92623
91602
94268
94295
92731
93334
1024
2056
94183
94120
92111
285
650
92711
1364
92067
2440
1040
90711
90597
92825
91087
1900
94147
92390
2276
93837
2145
2052
92064
93014
91323
93122
93182
74
92167
94161
91150
90158
92878
91668
91271
1541
90122
92726
90686
93618
92183
1606
1605
90864
93132
90736
94371
92023
91308
93459
1281
90397
92763
2191
94321
91794
93059
90155
91919
93655
90825
92821
90434
91905
91957
93189
91212
93995
90472
2242
93220
92292
90414
94184
93193
92687
93585
2370
90689
620
94177
92880
92130
91544
90376
2149
91307
91599
91928
91222
93974
1222
91861
90281
91178
2020
854
91004
91122
90692
1817
90957
93300
93293
303
93718
9
91519
90455
92271
90680
2391
90568
91578
90892
92225
91780
1509
92203
94215
90945
1370
1327
8
91095
92936
93570
2295
93572
91591
2111
90801
1599
92147
94170
93376
92047
90533
2410
92016
92097
93584
2489
94426
93234
91390
90595
91029
477
94015
93402
10
91172
92660
90569
90702
93416
93651
2044
2455
91329
92311
92336
1027
93076
406
94231
93993
92959
93782
93050
90777
90620
91120
91382
91238
1049
407
94425
91244
93636
93588
90996
92847
993
91317
94216
94052
2196
1567
962
2171
1419
2147
91764
2236
91897
90712
90497
91693
91099
93893
241
93340
90787
90452
91319
478
1543
91463
570
94181
93925
92442
91515
91337
1097
93548
91268
90902
92425
727
90788
90189
93078
90679
92050
91704
93375
92471
474
516
92041
1952
90382
91736
2017
91123
91932
84
91455
92884
91383
2332
94349
92652
90954
956
93418
91550
93523
93352
2501
91711
90476
91251
92874
90506
93480
92470
90149
92485
1178
91192
2180
1584
2446
92337
232
92682
93123
1720
93299
94291
1869
92808
90553
93586
944
91447
90456
93863
93684
1130
93177
2528
91194
90418
93147
93074
90386
1143
91054
2213
93241
93656
93721
91543
92753
244
92679
90839
91833
90194
27
2408
90708
93763
1069
917
94197
91627
91606
91520
93180
83
92642
1933
94380
91459
92990
92833
93377
874
91851
194
391
91013
94333
93292
90478
538
92509
93652
92838
94226
92575
93911
93041
255
593
91791
90217
91886
93
92173
93804
94195
92439
155
1463
93519
839
1638
93280
298
1590
93322
93073
2398
93179
90714
90423
777
92205
91154
2254
94376
91890
1206
92009
92065
90684
93410
2266
2352
90032
1152
818
91049
90373
91183
2418
493
93251
1344
93723
1627
1524
91748
94293
92403
90069
92900
90694
92474
574
90775
1836
94155
93227
92402
93621
94265
1035
91289
94000
94023
90096
92920
94116
93359
90039
93875
88
93255
90751
92353
93938
93622
91139
90588
90138
93896
93526
94077
91155
1268
90250
93700
93887
92732
92437
90855
92705
94075
90448
92985
93201
90037
92129
94190
950
90378
859
94217
1360
90388
90090
93479
90977
92383
90925
93313
92691
93461
91401
93499
92627
94397
92601
91722
94357
1774
93777
93764
93879
93429
90015
90267
91005
1266
90013
93564
90570
459
90200
91428
92233
91205
93573
92677
90765
91420
90758
139
91416
92987
92860
91076
93688
90023
92015
93198
90050
92176
1187
92896
90944
92556
2448
843
92631
87
91860
921
91921
752
92253
90230
92306
121
91223
94286
93439
92482
1901
94253
93246
90989
362
1369
93600
1532
92392
91324
941
93350
352
90062
91499
91531
93063
484
1671
90819
94061
90464
90207
92635
92421
92359
90512
885
91284
92648
90442
2024
93337
93536
1363
2247
91698
92604
90658
90971
93807
92746
91115
92517
94263
94091
2447
90311
1917
347
90685
92554
300
94392
90489
90348
92692
92564
93885
91800
90584
94010
94130
108
2172
92445
694
92156
92734
2141
1273
91433
208
90687
92335
2303
92452
91620
93596
94142
709
91334
90384
93005
92360
91625
91744
1742
91089
93485
1487
91977
93934
92858
92143
94308
91265
93829
957
91920
90929
91687
1594
91020
93704
90449
1104
90492
91086
91468
1521
91211
93237
93117
92706
90409
1048
32
93064
91839
828
92571
93027
93979
94339
92323
1208
93683
90586
91943
2450
91776
90000
93799
90759
91963
92044
35
91275
92122
93784
90800
91288
307
91656
266
1471
92633
1003
2519
90881
218
93728
91577
1013
93294
90941
90358
92409
90485
92830
93707
375
94285
90321
1728
1973
92577
1481
92657
90340
1777
91025
794
90298
90852
892
92725
90372
90268
1797
1909
92630
91975
92555
90367
91397
91461
92268
92487
1213
90836
93878
1877
22
92626
423
90408
1283
90212
1205
53
93673
93843
90501
90601
91044
93997
90011
1355
1597
305
92798
1009
90783
94294
1221
92369
488
632
2265
90727
93297
94099
90205
92552
93230
1778
339
91898
93409
91048
900
93639
933
94272
1585
2214
91793
94264
1918
209
1822
92611
90843
92440
93038
90081
91493
93314
210
92654
94279
93424
92924
90912
93759
350
90623
93399
206
93798
90043
91673
2525
2530
93414
1682
94173
1724
93164
571
94156
93701
91774
2188
2452
93623
93149
91111
1302
90935
93657
93270
94329
91911
90901
92317
91408
93023
90652
93268
1827
91038
1818
603
90534
94067
1184
80
92121
93069
104
93545
94283
92162
91828
91565
93100
610
90896
93475
93328
2078
93175
822
92723
92074
91347
670
90572
93742
2090
91103
401
92249
93633
1041
90748
91746
90337
788
92842
94031
92788
93919
137
1522
476
1017
90097
91129
94145
1559
92466
1517
94008
90566
2502
94045
91929
91202
93786
2459
93395
93466
862
90187
877
92028
93065
91216
425
93235
92096
91486
90445
94175
555
410
92782
90978
91751
2340
93638
91881
90123
91646
91974
882
94405
92544
1772
94370
1603
91316
93001
1640
92534
93508
93510
2013
91902
93672
91983
90797
92961
1341
90244
91394
399
405
90439
1137
92490
93694
91679
91177
91369
90576
93040
92496
94338
91281
90647
534
92343
1129
94243
740
92609
92909
92820
16
92061
94030
91954
90715
93811
91795
2515
93983
93750
1602
90033
91170
729
91604
1515
92541
1472
91980
1700
91654
90661
91727
90541
91689
91352
1410
94117
759
2000
92901
93756
90417
91906
92919
90270
90253
92704
91562
1144
91078
93952
92441
92548
90120
92539
154
92164
2039
91814
91143
1814
92033
512
984
93808
90065
2161
91481
92853
90180
92013
91462
91053
2003
342
94186
1453
90242
93047
93312
91036
92165
93233
2497
91816
94325
90279
90357
90066
92202
92320
90148
94131
1979
90515
91198
94191
94345
54
92557
2223
93981
92752
815
91001
92086
90880
93880
94199
92559
91226
90060
90883
90201
92048
731
94288
92497
634
93493
92380
1718
91628
577
93219
90057
93566
413
91934
1079
93087
90522
92032
1296
92367
90518
91158
92447
90044
94140
567
136
373
93385
90053
92185
2431
91533
90118
94298
93148
6
92093
93874
91733
92288
92139
91027
90421
1611
93849
2433
92963
2034
90157
1791
90106
1084
91045
288
92817
2313
92422
92814
91846
92110
2325
2159
91825
91582
90324
90919
2529
2423
90593
91811
92970
1131
91841
2155
712
92764
92519
93262
93332
92224
93547
93420
91375
90690
91019
94211
90614
93176
93463
90750
90214
90071
90459
94414
92695
714
91509
93326
90642
1173
93524
90109
359
776
90741
91174
93277
92358
90629
402
1338
93640
91298
664
94350
91690
2403
1334
90582
2133
91901
372
91697
2075
91287
93752
91487
90958
93982
92449
90890
1805
90943
94351
92180
91807
1202
93239
93567
91682
90585
92929
140
888
1731
94278
94213
92309
1692
92476
1224
92267
181
1022
94089
90235
92112
91952
117
93081
92066
91197
92733
93725
90093
94114
1016
92529
1060
91088
2345
93084
299
536
93945
93324
92530
92955
91826
1107
1761
92797
2162
92953
90220
94055
91857
90399
1336
92189
92192
91899
91686
93582
59
90398
1376
2411
996
93016
90206
90056
92138
93924
92339
92910
92960
90410
90099
94005
93166
1896
93325
1951
94347
92300
125
93915
91616
93101
2005
93691
93310
91484
92356
90697
93049
93126
91927
92741
224
90084
90633
2492
92801
91128
91731
93274
94139
92543
92978
91777
1368
93833
93120
94242
91077
90841
94408
94125
91900
1645
92628
93908
1804
90809
91193
456
93947
90465
91108
92600
91415
94249
90853
92398
91431
1803
92799
2123
93151
2122
90648
1726
91063
213
93977
2311
1166
93939
93841
90132
92149
92792
91636
91801
1735
92607
1923
1231
93963
94267
91588
91540
2210
94232
919
92501
1398
2015
93471
92002
93884
92108
93779
91718
91707
90318
93860
94035
93346
2277
94176
431
424
91098
93342
2096
93476
91127
91742
92251
691
94323
91659
92869
1349
91132
240
648
93119
482
93071
90034
94100
91525
931
91112
90165
90204
90530
94064
91393
90523
689
90571
1215
90385
2286
1319
1533
92887
94164
2483
1905
90317
90333
92683
289
94006
92457
91016
94239
91647
487
187
91306
366
1844
94388
91678
92795
93110
93159
94146
94251
92473
93450
93250
90618
1711
94424
91478
91313
92690
763
1424
90359
92673
1437
333
1577
93827
93472
869
92831
616
93839
93968
91785
90724
90720
90514
91511
92046
93372
94087
91665
93781
90793
90316
94410
92275
93125
552
2060
92906
1372
1094
92916
93389
91300
1226
93099
1565
90666
91632
91626
1911
93822
90624
94024
91991
462
93735
90849
92204
93702
92649
808
510
90782
649
1649
1180
90350
90564
91333
1740
242
92925
91490
91888
92872
92231
1943
92824
90306
1212
93272
90016
90225
1764
90216
772
470
92791
91715
92986
93363
91215
92246
93626
93914
94301
92406
93766
92938
86
92119
91477
93019
92414
90370
91917
2458
92207
7
93320
91835
90858
90237
91941
90049
92434
1586
92151
93343
2033
93767
91232
91786
92888
94182
92625
446
93583
2260
1071
2532
1277
2531
91506
91343
90022
467
92051
90261
94382
93894
94187
636
93533
92747
93687
92125
90713
93991
94346
90007
92674
460
91895
92665
92947
92740
1074
93411
1983
92213
2256
93607
90411
91159
90557
90346
94384
92558
91534
2520
92010
92851
92638
1315
90832
92102
93556
383
90583
90670
93481
91047
94443
91969
93935
92756
92645
1075
1242
90983
92157
90143
1950
90150
90131
93554
1569
92663
90299
92428
92491
90558
1738
91966
91664
840
92614
94050
604
94194
2092
93658
142
321
90994
94157
94407
92184
94379
804
90709
651
92528
2351
2261
964
938
90223
92331
1397
93406
93576
92060
91573
91473
2405
2103
92166
92765
90681
93503
243
91228
91809
90362
93203
949
90891
93624
93646
94218
92876
2165
94016
90430
1330
93195
92272
91849
91611
1122
91235
94290
91840
90604
93252
91491
93441
2490
90760
313
2356
94259
91331
2409
2305
93920
92257
93058
91485
1320
90915
1938
886
48
93289
90970
1438
90186
2508
708
90761
1412
1690
827
92979
92278
92790
93802
90087
92302
93036
565
90600
91513
144
94141
90067
91787
92885
302
93613
93853
92902
93645
92569
90632
546
1489
92296
93648
93396
1984
92304
92004
93167
93967
93726
346
92786
91918
2407
94051
92598
94369
92319
1408
812
688
91239
91489
2441
93184
92489
90236
90663
1429
90027
93136
90603
93886
1863
91670
514
91788
94222
742
90861
92547
93447
91910
93883
90846
94185
93496
2420
90304
90420
91422
90292
92513
93443
91344
90480
2249
1192
1008
1916
90776
91703
93464
91218
92562
2280
90280
2235
1362
91571
1787
90639
94421
91567
92082
93432
90746
92281
90848
90517
695
91023
92327
91065
93625
1070
93433
320
91572
91142
91972
92103
1433
91643
92647
723
2389
91912
90628
90046
92453
93737
94318
979
630
91813
92772
91685
94395
90154
91290
92153
91254
90837
92832
90927
90513
93365
90659
92022
91655
91446
92244
90610
1434
93989
93926
94224
90462
90626
92170
1106
90266
92931
94151
92699
91213
90425
90640
91524
92760
90390
94438
94337
90202
92748
1004
1120
93067
915
92973
90964
91330
175
90175
2212
90075
92622
93438
90491
842
505
90878
91549
92197
92895
90950
676
91345
91587
92839
91916
1535
1987
94066
93457
93003
1068
1001
93388
93697
90960
90231
1318
92651
92523
91993
92977
93207
91568
91412
1580
1549
90413
1615
93055
1169
1707
93331
91583
90677
93891
90379
706
427
263
92922
93118
981
2181
1098
94447
1864
93823
90871
93998
93425
92678
867
1985
91057
2115
91997
93296
91465
1073
1093
91563
90668
932
455
93984
92937
909
90274
91260
93213
2219
92761
90951
91838
92035
92083
93716
92823
93347
91950
1480
91151
1991
687
281
90021
90740
93392
91822
92602
90119
91451
221
90986
93664
90856
94422
94221
92727
91629
1306
90693
90735
94353
91961
92803
1134
91923
93139
90551
91339
91376
90289
94260
93039
93158
724
1145
1201
1948
92810
1388
1920
92054
93865
93907
93814
1883
93848
94252
93288
91165
91922
1025
92671
90469
93654
90804
92235
92239
91564
91234
90811
90431
90739
2415
2192
91039
91608
2347
94038
1127
92666
1312
93455
91782
90342
93089
94196
1775
90948
91199
92458
92599
90786
92295
550
94287
90137
94257
91633
94244
1776
92796
91876
90884
91221
93634
91116
90028
30
1858
920
526
91353
93895
91617
90171
91805
93066
94342
90865
94404
91560
95
1854
93810
295
93305
599
761
90387
90184
91710
91994
91946
948
94133
90789
2318
1415
91904
91176
92568
90755
989
90946
343
2129
90707
91282
92781
2474
93612
90307
93754
90674
90297
553
331
90587
91439
92739
92952
94098
93662
1975
40
91750
93397
94340
91060
481
93579
1057
2321
93889
90893
93959
226
90781
93761
90874
1531
93840
93086
1799
91470
90222
91411
93336
1478
93138
91914
92829
93506
93953
90271
94341
92092
480
186
90695
94044
90406
92191
1733
92338
633
91925
2048
91008
90343
90074
92754
686
92794
92438
2109
92178
793
1029
90495
92223
323
92843
1021
91080
92743
1841
93348
91196
92546
92915
92713
955
93021
92697
475
90998
2153
93145
92410
92908
94178
93435
91171
93972
1196
94281
91189
92350
92146
91136
92077
669
2296
93714
92499
90546
93318
94028
92131
93026
451
91338
91269
92586
90823
92775
90894
91441
91882
94394
94126
91041
93302
91
2113
1253
90988
91179
93339
90347
94274
93043
90869
90012
94396
90967
93228
93905
91676
93986
93279
94096
118
91249
91427
92921
94434
2334
93428
94042
1159
92188
90374
92992
1171
92553
90870
684
92408
94034
93960
91706
626
93787
91105
156
90833
92805
91225
90579
93520
94105
92537
92755
91423
90161
497
93653
2360
91206
90282
92455
179
90822
93185
114
2336
94386
94039
2475
90563
1957
1949
91494
92789
90815
90939
90535
1956
91545
90010
90808
767
93913
91083
819
1164
93663
92813
2079
91377
92255
1233
90696
93380
94348
92943
93630
91075
94300
91755
2168
2469
654
92024
1237
92412
92643
1375
92927
93370
91283
92219
94036
90615
308
93581
92855
94013
600
94026
94240
14
93580
527
365
1743
92750
1997
92800
2077
93956
90830
1572
1912
93374
94311
618
92998
90428
322
94029
56
91442
90840
90762
91870
93401
94027
91360
94402
93004
1046
825
91093
93231
92308
93927
91738
90730
91295
90024
91253
2434
92585
90968
92366
92545
93163
90731
2377
90813
91322
93355
93906
91341
91530
11
205
93226
90140
833
94398
90743
90590
1876
90339
91556
169
94227
91250
93794
92424
92014
92898
90305
91821
93096
92008
94012
93422
93578
1608
90903
92592
1502
1247
94088
1339
92132
92172
2220
92664
91955
91700
92561
220
93025
90847
93788
1737
92027
90851
92345
1385
90918
1631
1168
1019
1379
93980
1666
91145
2263
92983
1426
91607
1866
91971
93323
1157
92228
90450
91844
91184
91875
92354
91055
92618
94271
581
91406
94435
1416
93773
94083
90704
91335
2246
94296
90251
92933
92899
189
78
93765
93881
92368
92347
93501
559
90487
90356
92507
91119
93978
91761
92709
90676
1513
419
91146
92001
94068
93317
34
93942
90466
91356
1317
90678
93795
94399
92377
1377
2088
94305
94400
90807
93088
91865
92804
2116
92718
2091
91157
91067
93307
1083
91373
2287
2255
93522
2234
1828
93260
2293
94090
91862
92446
17
92177
90519
1305
94335
91705
658
851
93057
93805
92208
92105
1794
93539
92848
93456
887
90163
93602
1574
93221
93415
91398
92332
93000
93197
92828
738
880
93419
94085
93490
91259
94057
135
90058
2468
91274
94004
91729
2473
2054
90756
90923
2388
93269
93108
90019
93200
91270
93838
2224
466
94134
90879
1347
90529
51
94312
92280
94254
91663
93465
91372
91802
188
90331
1802
93124
90025
93608
719
168
92218
92200
91240
90475
18
94193
91728
91164
90276
93975
94198
586
92871
93473
93821
91669
1859
92190
90288
93815
92478
91874
1295
92075
93753
90794
91015
93477
1857
91293
91357
1149
1498
91483
93156
93358
92911
92109
94115
91908
93165
1875
93470
1340
90634
93568
1976
90102
91883
90111
93641
90463
93188
94065
454
2018
91024
93674
90183
93045
90667
91743
93635
2124
90981
91261
1780
91092
91134
92120
91336
92636
93617
91062
92342
93248
93951
91845
90767
92526
92181
92974
91314
90594
161
93011
357
93170
94299
90294
90747
91359
93832
91885
92334
2139
445
91350
90716
91388
588
2299
91138
92193
2385
1808
91362
93098
91309
147
90617
149
92095
91291
91760
92237
91302
1175
91757
92603
1446
93258
93316
91547
93877
94110
1077
94302
93971
92907
93966
90473
2297
2349
2152
94273
1610
267
91797
90555
93153
91327
1307
93321
90068
94056
91391
92646
93029
1047
2526
90142
90907
93852
92536
91612
239
2202
92283
92287
638
93131
91681
891
93383
2200
92364
94409
879
90104
91842
92811
93529
91399
349
872
91256
1771
92968
92771
90723
92115
1563
93344
1352
90383
91944
92774
2022
90729
92277
93976
1002
93367
93836
90144
90635
2080
90728
91480
1342
93144
91457
1263
1036
90375
91104
91866
591
93516
91436
91310
90392
94381
93452
2067
90828
2217
90872
93601
1219
1442
2414
495
93785
90498
1589
92624
1592
90094
91418
90070
91522
91050
90179
92042
1099
417
551
92269
91537
90959
93183
92215
90895
91850
90125
1132
92456
91675
90622
93002
91717
90992
90733
90030
1709
92758
90956
92890
92393
92099
93727
91374
90134
91948
93285
91596
845
1595
92527
1715
93637
90167
396
90419
92826
91808
92454
90905
472
265
1436
90260
93778
345
90643
608
91799
91619
92301
93686
90248
92997
93263
92698
90269
91144
92395
2174
1786
94236
90619
90262
90313
91082
569
91936
90814
90405
90330
92573
93842
90045
2055
2187
92717
1528
90820
91970
93555
465
60
93264
92378
91931
92587
737
94144
91734
93436
91242
2135
1466
90531
90540
1542
92784
755
90691
92270
1395
93595
92886
850
91771
93240
92265
800
93387
94137
91072
781
92502
94304
91131
92168
93826
1544
94204
2481
94002
93549
91982
91325
90073
93577
1931
93467
1623
1795
1119
90536
1831
90051
92346
92341
91419
94108
93758
796
90328
94235
90433
93867
92662
2251
93962
92355
93335
94097
93030
119
91413
90926
92975
1501
1313
1760
94363
94359
2341
91208
2002
92198
91806
90598
92714
90437
91820
90468
90784
93062
90461
92072
92262
91852
93552
90141
90644
1121
93366
91246
674
1483
91299
94419
91355
91068
90544
2273
92512
90054
90319
91496
276
93362
90086
90886
91812
515
1176
94367
92935
91011
91621
91597
90580
2445
1702
381
92079
91006
94431
90101
715
1293
2269
1359
93876
93969
1506
93489
433
91817
521
1680
92846
93141
2369
93427
1254
93819
90182
91046
92715
92484
93487
1821
780
93575
90412
91059
92540
2042
2485
2443
92658
93627
615
93160
1860
1294
545
91040
92250
92087
93705
93900
93242
151
91448
219
93384
93943
94361
92508
92258
90168
90973
93666
2144
92486
90091
518
1681
92863
91321
90548
1969
1622
92209
2432
93560
1063
93734
92770
91402
90806
90004
93544
90365
716
2068
92413